8
14
28
37
50
50
8
14
28
37
57
57
8
14
29
37
51
51
8
14
29
37
57
57
8
14
29
37
49
50
10
15
31
38
52
52
10
15
31
38
49
49
10
15
31
38
53
53
10
15
31
38
53
54
10
15
31
38
48
48
11
16
32
39
48
48
11
16
32
39
52
52
11
16
32
39
55
55
11
16
32
39
54
54
11
16
32
39
51
52
12
17
33
40
47
47
12
17
33
40
57
57
12
17
33
40
51
51
12
17
33
40
57
57
12
17
33
40
48
48
13

19
34
41
57
57
13
19
34
41
54
54
13
19
34
41
53
53
13
19
34
41
50
50
13
19
34
41
56
56
13
19
34
41
47
47
21
21
-35
43
50
50
21
21
-35
43
56
56
21
22
-35
43
52
52
22
22
-35
43
55
56
22
22
-35
43
55
55
23
23
36
44
56
56
23
23
36
44
49
49
23
24
36
44
54
54
24
24
36
44
48
48
24
24
36
44
47
47
26
26
46
46
26
26
46
46
