8
13
24
32
43
43
8
13
24
32
50
50
8
13
24
32
44
44
8
13
24
32
50
50
8
13
24
32
42
43
9
14
26
33
45
45
9
14
26
33
42
42
9
14
26
33
46
46
9
14
26
33
46
47
9
14
26
33
41
41
10
15
27
34
41
41
10
15
27
34
45
45
10
15
27
34
48
48
10
15
27
34
47
47
10
15
27
34
44
45
11
16
28
35
40
40
11
16
28
35
50
50
11
16
28
35
44
44
11
16
28
35
50
50
11
16
28
35
41
41
12
17
29
36
50
50
12
17
29
36
47
47
12
17
29
36
46
46
12
17
29
36
43
43
12
17
29
36
49
49
12
17
29
36
40
40
19
19
-30
38
43
43
19
19
-30
38
49
49
19
20
-30
38
45
45
20
20
-30
38
48
49
20
20
-30
38
48
48
21
21
31
39
49
49
42
21
21
31
39
42
21
22
31
39
47
47
22
22
31
39
41
41
22
22
31
39
40
40
